[gd_scene load_steps=7 format=3 uid="uid://bdcgss0ixl0sd"]

[ext_resource type="PackedScene" uid="uid://b7pgrnnnbu20a" path="res://Scenes/rigid_humanoid.tscn" id="2_bo1nx"]
[ext_resource type="PackedScene" uid="uid://cisbyfb2sstxl" path="res://Scenes/tots.tscn" id="2_jjvhh"]
[ext_resource type="PackedScene" uid="uid://yiwsp0vjuamb" path="res://Scenes/player_info_panel.tscn" id="3_8gbba"]

[sub_resource type="ProceduralSkyMaterial" id="ProceduralSkyMaterial_7dm0k"]
sky_horizon_color = Color(0.662243, 0.671743, 0.686743, 1)
ground_horizon_color = Color(0.662243, 0.671743, 0.686743, 1)

[sub_resource type="Sky" id="Sky_ig7tw"]
sky_material = SubResource("ProceduralSkyMaterial_7dm0k")

[sub_resource type="Environment" id="Environment_0xm2m"]
background_mode = 2
sky = SubResource("Sky_ig7tw")
tonemap_mode = 2
glow_enabled = true

[node name="Main" type="Node3D"]

[node name="Env" type="Node3D" parent="."]

[node name="WorldEnvironment" type="WorldEnvironment" parent="Env"]
environment = SubResource("Environment_0xm2m")

[node name="DirectionalLight3D" type="DirectionalLight3D" parent="Env"]
transform = Transform3D(0.605697, -0.689093, 0.397848, 2.78059e-08, 0.5, 0.866025, -0.795695, -0.524549, 0.302848, 0, 17.687, 0)

[node name="Stage" type="Node3D" parent="."]
transform = Transform3D(1, 0, 0, 0, 1, 0, 0, 0, 1, -0.00907135, 0.138271, -0.0194016)

[node name="ToTS" type="Node" parent="Stage"]

[node name="CSGBox3D" type="CSGBox3D" parent="Stage/ToTS"]
transform = Transform3D(1, 0, 0, 0, 0.94643, -0.32291, 0, 0.32291, 0.94643, 34.2486, 345.907, -3.34347)
use_collision = true
size = Vector3(1, 1, 36.5612)

[node name="CSGBox3D2" type="CSGBox3D" parent="Stage/ToTS"]
transform = Transform3D(1, 0, 0, 0, 0.732198, 0.681092, 0, -0.681092, 0.732198, -45.8775, 428.091, 20.2722)
use_collision = true
size = Vector3(2.52197, 1, 69.8582)

[node name="CSGBox3D3" type="CSGBox3D" parent="Stage/ToTS"]
transform = Transform3D(1, 0, 0, 0, 0.42461, -0.905376, 0, 0.905376, 0.42461, -42.6178, 476.363, 29.6396)
use_collision = true
size = Vector3(2.52197, 1, 69.8582)

[node name="CSGBox3D6" type="CSGBox3D" parent="Stage/ToTS"]
transform = Transform3D(0.987642, 0.139592, 0.0712614, -0.0673078, 0.788381, -0.611495, -0.141541, 0.599141, 0.788033, -10.9994, 514.246, 18.9483)
use_collision = true
size = Vector3(2.52197, 1, 19.5)

[node name="CSGBox3D4" type="CSGBox3D" parent="Stage/ToTS"]
transform = Transform3D(1, 0, 0, 0, 0.999957, 0.00928509, 0, -0.00928509, 0.999957, -46.7784, 506.19, 22.5926)
use_collision = true
size = Vector3(2.52197, 1, 21.4707)

[node name="CSGBox3D5" type="CSGBox3D" parent="Stage/ToTS"]
transform = Transform3D(0.674148, -0.474049, 0.566394, 0, 0.766852, 0.641825, -0.738597, -0.432685, 0.516971, -11.7112, 739.433, -17.7533)
use_collision = true
size = Vector3(2.52197, 1, 100.92)

[node name="tots" parent="Stage/ToTS" instance=ExtResource("2_jjvhh")]
transform = Transform3D(1, 0, 0, 0, 1, 0, 0, 0, 1, -11, 513.78, 6.71)

[node name="Humanoid" parent="." instance=ExtResource("2_bo1nx")]
transform = Transform3D(1, 0, 0, 0, 1, 0, 0, 0, 1, 0, 2.5, 0)

[node name="PlayerInfoPanel" parent="." node_paths=PackedStringArray("_player") instance=ExtResource("3_8gbba")]
_player = NodePath("../Humanoid")
